for n = 8
Matrix X:
1.0000e+00 1.0000e+00 1.0000e+00 1.0000e+00 1.0000e+00 1.0000e+00 1.0000e+00 1.0000e+00 1.0000e+00 1.0000e+00 
5.0000e-01 2.0000e-01 1.2000e+00 2.9000e+00 3.4000e+00 2.4000e+00 4.4000e+00 4.5000e+00 4.9000e+00 3.3000e+00 
2.5000e-01 4.0000e-02 1.4400e+00 8.4100e+00 1.1560e+01 5.7600e+00 1.9360e+01 2.0250e+01 2.4010e+01 1.0890e+01 
1.2500e-01 8.0000e-03 1.7280e+00 2.4389e+01 3.9304e+01 1.3824e+01 8.5184e+01 9.1125e+01 1.1765e+02 3.5937e+01 
6.2500e-02 1.6000e-03 2.0736e+00 7.0728e+01 1.3363e+02 3.3178e+01 3.7481e+02 4.1006e+02 5.7648e+02 1.1859e+02 
3.1250e-02 3.2000e-04 2.4883e+00 2.0511e+02 4.5435e+02 7.9626e+01 1.6492e+03 1.8453e+03 2.8248e+03 3.9135e+02 
1.5625e-02 6.4000e-05 2.9860e+00 5.9482e+02 1.5448e+03 1.9110e+02 7.2563e+03 8.3038e+03 1.3841e+04 1.2915e+03 
7.8125e-03 1.2800e-05 3.5832e+00 1.7250e+03 5.2523e+03 4.5865e+02 3.1928e+04 3.7367e+04 6.7822e+04 4.2618e+03 
3.9062e-03 2.5600e-06 4.2998e+00 5.0025e+03 1.7858e+04 1.1008e+03 1.4048e+05 1.6815e+05 3.3233e+05 1.4064e+04 
Resulting Matrix of dgemm: A:
1.0000e+012.7700e+011.0197e+024.0927e+021.7196e+037.4522e+033.3027e+041.4882e+056.7899e+05
2.7700e+011.0197e+024.0927e+021.7196e+037.4522e+033.3027e+041.4882e+056.7899e+053.1275e+06
1.0197e+024.0927e+021.7196e+037.4522e+033.3027e+041.4882e+056.7899e+053.1275e+061.4512e+07
4.0927e+021.7196e+037.4522e+033.3027e+041.4882e+056.7899e+053.1275e+061.4512e+076.7732e+07
1.7196e+037.4522e+033.3027e+041.4882e+056.7899e+053.1275e+061.4512e+076.7732e+073.1763e+08
7.4522e+033.3027e+041.4882e+056.7899e+053.1275e+061.4512e+076.7732e+073.1763e+081.4954e+09
3.3027e+041.4882e+056.7899e+053.1275e+061.4512e+076.7732e+073.1763e+081.4954e+097.0645e+09
1.4882e+056.7899e+053.1275e+061.4512e+076.7732e+073.1763e+081.4954e+097.0645e+093.3471e+10
6.7899e+053.1275e+061.4512e+076.7732e+073.1763e+081.4954e+097.0645e+093.3471e+101.5900e+11
Resulting Matrix of dgemv: C:
6.4200e+012.0291e+027.7396e+023.1566e+031.3392e+045.8405e+042.5994e+051.1745e+065.3686e+06
Resulting Matrix of dpotrf: L:
3.162e+000.000e+00 0.000e+00 0.000e+00 0.000e+00 0.000e+00 0.000e+00 0.000e+00 0.000e+00 
8.760e+005.024e+000.000e+00 0.000e+00 0.000e+00 0.000e+00 0.000e+00 0.000e+00 0.000e+00 
3.225e+012.524e+016.533e+000.000e+00 0.000e+00 0.000e+00 0.000e+00 0.000e+00 0.000e+00 
1.294e+021.166e+025.127e+016.785e+000.000e+00 0.000e+00 0.000e+00 0.000e+00 0.000e+00 
5.438e+025.352e+023.034e+026.855e+018.958e+000.000e+00 0.000e+00 0.000e+00 0.000e+00 
2.357e+032.465e+031.624e+034.816e+021.174e+021.061e+010.000e+00 0.000e+00 0.000e+00 
1.044e+041.141e+048.290e+032.928e+031.002e+031.654e+021.214e+010.000e+00 0.000e+00 
4.706e+045.310e+044.128e+041.654e+047.073e+031.610e+032.091e+027.295e+000.000e+00 
2.147e+052.481e+052.028e+058.951e+044.501e+041.261e+042.187e+031.484e+025.065e+00
Resulting Matrix of dtrsm: LS Parameters:
13.247674 -85.408575 241.973895 -306.325781 205.685542 -78.449639 17.083834 -1.979669 0.094704 0.000000 
